# heart_cannon
v -1.362000 -30.000000 16.637915
v -3.726010 -30.000000 19.001495
v -1.362000 -30.000000 16.638458
v -3.747987 -30.000000 19.748013
v -4.999000 -30.000000 18.497000
v -0.499325 -30.000000 16.499676
v -8.640000 -30.000000 16.638458
v -5.306094 -30.000000 13.305925
v -6.275990 -30.000000 19.001495
v -5.000500 -30.000000 13.000499
v -6.250601 -30.000000 19.748425
v -0.499200 -10.003000 16.499550
v -6.275923 -11.997000 19.001429
v -6.275923 -18.460049 19.001429
v -4.999000 -10.003000 18.497000
v -3.747987 -10.003000 19.748013
v -5.001000 -11.997000 17.726999
v -1.362000 -11.997000 16.638250
v -3.183126 -11.997000 18.458626
v -1.362000 -11.997000 16.637501
v -5.001000 -30.000000 17.726999
v -3.726077 -18.458294 19.001429
v -3.726077 -11.997000 19.001429
v -4.694942 -30.000000 13.305889
v -6.250601 -10.003000 19.748425
v -3.752047 -10.003000 13.246703
v -4.999500 -30.000000 11.999500
v -4.999500 -29.962994 11.999499
v -4.999500 -10.003000 11.999499
v -9.499675 -30.000000 16.499676
v -9.499675 -10.003000 16.499676
v -6.819084 -11.997000 14.818084
v -5.000500 -11.997000 13.000499
v -3.182126 -11.997000 14.817874
v -6.819084 -11.997000 18.458416
v -8.640000 -11.997000 16.638250
vn 0.000000 -1.000000 0.000000,
vn 0.000000 -1.000000 0.000000,
vn 0.000000 -1.000000 0.000000,
vn 0.000000 -1.000000 0.000000,
vn 0.000000 -1.000000 0.000000,
vn 0.000000 -1.000000 0.000000,
vn 0.000000 -1.000000 0.000000,
vn -0.706969 0.000000 -0.707244,
vn -0.707010 0.000016 0.707204,
vn 0.000000 -1.000000 0.000000,
vn 0.000000 -1.000000 0.000000,
vn 0.000000 -1.000000 0.000000,
vn 0.000000 -1.000000 0.000000,
vn 0.706969 0.000000 -0.707244,
vn -0.707010 0.000016 0.707204,
vn 0.000000 -1.000000 0.000000,
vn 0.000000 -1.000000 0.000000,
vn -0.706961 -0.000008 -0.707252,
vn -0.706961 -0.000008 -0.707252,
vn -0.706961 -0.000008 -0.707252,
vn -0.707010 0.000000 -0.707204,
vn 0.706969 0.000000 -0.707244,
vn 0.706969 0.000000 -0.707244,
vn -1.000000 0.000000 0.000000,
vn -1.000000 0.000000 0.000000,
vn 0.000000 -1.000000 0.000000,
vn 0.707057 0.000000 0.707157,
vn 0.707057 0.000000 0.707157,
vn 0.000000 -1.000000 0.000000,
vn 0.000000 -1.000000 0.000000,
vn 0.707107 -0.000009 -0.707107,
vn 0.707107 -0.000009 -0.707107,
vn 0.707036 0.000000 -0.707177,
vn -0.707107 0.000000 -0.707107,
vn -0.707107 0.000000 -0.707107,
vn -0.707107 0.000000 -0.707107,
vn 0.000000 -1.000000 0.000000,
vn 0.000000 -1.000000 0.000000,
vn 0.000000 -1.000000 0.000000,
vn 0.000000 1.000000 0.000000,
vn -0.707107 0.000000 0.707107,
vn -0.707107 0.000000 0.707107,
vn 0.707107 -0.000009 -0.707107,
vn 0.000000 1.000000 0.000000,
vn 0.707071 0.000000 0.707142,
vn 0.707071 0.000000 0.707142,
vn 0.000000 -1.000000 0.000000,
vn 0.000000 -1.000000 0.000000,
vn 0.000000 -1.000000 0.000000,
vn -0.707071 0.000000 0.707142,
vn -0.707071 0.000000 0.707142,
vn 0.706961 0.000008 0.707252,
vn 0.000000 1.000000 0.000000,
vn 0.706913 0.000000 0.707301,
vn 0.706913 0.000000 0.707301,
vn -0.706913 0.000000 0.707301,
vn -0.706913 0.000000 0.707301,
vn 0.000000 1.000000 0.000000,
vn 0.000000 1.000000 0.000000,
vn 0.000000 -1.000000 0.000000,
vn 0.707010 0.000000 -0.707204,
vn 0.000000 -1.000000 0.000000,
vn 0.706961 0.000008 0.707252,
vn 0.706961 -0.000008 -0.707252,
vn 0.706961 -0.000008 -0.707252,
vn 0.706961 -0.000008 -0.707252,
vn -0.706969 0.000000 -0.707244,
vn -0.706969 0.000000 -0.707244,
f 2//1 3//1 4//1
f 4//4 5//4 2//4
f 21//7 2//7 5//7
f 1//10 6//10 3//10
f 4//13 3//13 6//13
f 7//16 9//16 11//16
f 1//19 24//19 6//19
f 13//22 17//22 14//22
f 24//25 1//25 34//25
f 23//28 17//28 19//28
f 18//31 19//31 17//31
f 34//34 20//34 17//34
f 18//37 17//37 20//37
f 17//40 22//40 21//40
f 1//43 20//43 34//43
f 21//46 5//46 9//46
f 11//49 9//49 5//49
f 22//52 19//52 18//52
f 22//55 18//55 3//55
f 22//58 3//58 2//58
f 22//61 23//61 19//61
f 17//64 23//64 22//64
f 2//67 21//67 22//67
f 18//70 20//70 1//70
f 18//73 1//73 3//73
f 30//76 27//76 8//76
f 5//79 15//79 25//79
f 5//82 25//82 11//82
f 10//85 27//85 24//85
f 6//88 24//88 27//88
f 27//91 28//91 6//91
f 26//94 6//94 28//94
f 26//97 28//97 29//97
f 29//100 28//100 31//100
f 30//103 31//103 28//103
f 30//106 28//106 27//106
f 8//109 7//109 30//109
f 11//112 30//112 7//112
f 10//115 8//115 27//115
f 16//118 12//118 15//118
f 4//121 16//121 15//121
f 4//124 15//124 5//124
f 6//127 26//127 12//127
f 26//130 15//130 12//130
f 12//133 16//133 6//133
f 4//136 6//136 16//136
f 33//139 34//139 32//139
f 34//142 17//142 32//142
f 13//145 35//145 17//145
f 31//148 30//148 25//148
f 11//151 25//151 30//151
f 32//154 7//154 8//154
f 25//157 15//157 31//157
f 32//160 8//160 33//160
f 10//163 33//163 8//163
f 10//166 24//166 33//166
f 34//169 33//169 24//169
f 29//172 31//172 26//172
f 15//175 26//175 31//175
f 32//178 17//178 35//178
f 14//181 35//181 13//181
f 35//184 36//184 32//184
f 7//187 32//187 36//187
f 14//190 9//190 7//190
f 14//193 7//193 36//193
f 14//196 36//196 35//196
f 21//199 14//199 17//199
f 9//202 14//202 21//202
